0.000077	-0.000190	59.999191	-6999.713867	3951.787598	5035.732422	
0.000231	-0.000570	99.995941	-6999.142578	3919.364258	5059.196289	
0.000465	-0.001139	139.988617	-6998.285156	3886.731445	5082.389648	
0.000778	-0.001897	179.975586	-6997.142578	3853.890625	5105.311523	
0.001172	-0.002843	219.955231	-6995.713867	3820.843750	5127.959961	
0.001648	-0.003977	259.925903	-6994.000000	3787.592285	5150.333984	
0.002208	-0.005297	299.885986	-6992.000000	3754.138184	5172.431641	
0.002851	-0.006804	339.833801	-6989.714844	3720.482422	5194.251953	
0.003580	-0.008497	379.767761	-6987.143555	3686.626953	5215.792969	
0.004395	-0.010376	419.686218	-6984.287109	3652.573242	5237.053711	
0.005297	-0.012439	459.587524	-6981.144531	3618.323242	5258.033203	
0.006288	-0.014687	499.470032	-6977.716797	3583.878418	5278.729492	
0.007368	-0.017118	539.332092	-6974.003906	3549.240234	5299.141602	
0.008538	-0.019733	579.172180	-6970.005859	3514.410645	5319.267578	
0.009800	-0.022530	618.988586	-6965.722656	3479.391113	5339.105469	
0.011155	-0.025509	658.779602	-6961.154297	3444.183594	5358.654297	
0.012603	-0.028669	698.543640	-6956.300781	3408.789551	5377.913086	
0.014146	-0.032011	738.279114	-6951.162109	3373.210449	5396.879883	
0.015784	-0.035532	777.984314	-6945.738281	3337.448242	5415.553711	
0.017520	-0.039234	817.657654	-6940.029297	3301.504395	5433.932617	
0.019353	-0.043114	857.297424	-6934.036133	3265.380859	5452.015625	
0.021284	-0.047173	896.902039	-6927.757812	3229.079102	5469.801758	
0.023316	-0.051409	936.469788	-6921.195312	3192.601074	5487.289062	
0.025449	-0.055823	975.999084	-6914.348633	3155.948242	5504.475586	
0.027683	-0.060413	1015.488220	-6907.216797	3119.122559	5521.360352	
0.030020	-0.065179	1054.935547	-6899.800781	3082.125488	5537.942383	
0.032462	-0.070121	1094.339355	-6892.101562	3044.958984	5554.219727	
0.035008	-0.075237	1133.698242	-6884.118164	3007.624512	5570.190430	
0.037660	-0.080527	1173.010254	-6875.850586	2970.124023	5585.853516	
0.040420	-0.085991	1212.273926	-6867.299805	2932.459473	5601.208008	
0.043287	-0.091627	1251.487549	-6858.464844	2894.632324	5616.251953	
0.046263	-0.097435	1290.649658	-6849.346680	2856.644531	5630.984375	
0.049350	-0.103415	1329.758301	-6839.945312	2818.498047	5645.403320	
0.052548	-0.109565	1368.812012	-6830.260742	2780.194336	5659.507812	
0.055858	-0.115885	1407.808838	-6820.292969	2741.735352	5673.295898	
0.059281	-0.122375	1446.747314	-6810.042969	2703.123047	5686.766602	
0.062818	-0.129033	1485.625977	-6799.510742	2664.358887	5699.917969	
0.066470	-0.135859	1524.442871	-6788.695312	2625.445312	5712.749023	
0.070239	-0.142853	1563.196289	-6777.597656	2586.383789	5725.258789	
0.074124	-0.150013	1601.884766	-6766.218750	2547.176270	5737.444336	
0.078128	-0.157339	1640.506592	-6754.557617	2507.824707	5749.305664	
0.082251	-0.164830	1679.060059	-6742.615234	2468.330566	5760.840820	
0.086495	-0.172485	1717.543457	-6730.390625	2428.696289	5772.047852	
0.090859	-0.180304	1755.955078	-6717.884766	2388.923340	5782.925781	
0.095346	-0.188286	1794.293213	-6705.098633	2349.014160	5793.473633	
0.099956	-0.196430	1832.556152	-6692.031250	2308.970215	5803.689453	
0.104690	-0.204736	1870.742432	-6678.683594	2268.793457	5813.571289	
0.109549	-0.213202	1908.850098	-6665.055664	2228.486328	5823.118164	
0.114534	-0.221828	1946.877686	-6651.147461	2188.050293	5832.329102	
0.119647	-0.230613	1984.823242	-6636.959961	2147.487793	5841.202148	
0.124887	-0.239557	2022.685303	-6622.492188	2106.800293	5849.735352	
0.130257	-0.248658	2060.461914	-6607.745117	2065.990234	5857.927734	
0.135757	-0.257916	2098.151855	-6592.719727	2025.059570	5865.778320	
0.141388	-0.267330	2135.752930	-6577.415039	1984.010254	5873.285156	
0.147151	-0.276899	2173.263672	-6561.832031	1942.844238	5880.446289	
0.153047	-0.286623	2210.682129	-6545.970703	1901.563721	5887.260742	
0.159077	-0.296500	2248.006836	-6529.832031	1860.170898	5893.727539	
0.165242	-0.306530	2285.235840	-6513.415039	1818.667725	5899.844727	
0.171543	-0.316712	2322.367676	-6496.720703	1777.056396	5905.610352	
0.177981	-0.327045	2359.400391	-6479.750000	1735.339111	5911.023438	
0.184556	-0.337528	2396.332520	-6462.501953	1693.517822	5916.083008	
0.191271	-0.348161	2433.162109	-6444.977539	1651.594971	5920.787109	
0.198125	-0.358942	2469.887695	-6427.177734	1609.572510	5925.133789	
0.205119	-0.369871	2506.507324	-6409.101562	1567.452637	5929.122070	
0.212256	-0.380947	2543.019043	-6390.750000	1525.237793	5932.750977	
0.219535	-0.392168	2579.421387	-6372.124023	1482.930176	5936.018555	
0.226958	-0.403535	2615.712402	-6353.222656	1440.531738	5938.922852	
0.234525	-0.415046	2651.890625	-6334.046875	1398.045166	5941.462891	
0.242237	-0.426700	2687.954102	-6314.597656	1355.472412	5943.636719	
0.250096	-0.438497	2723.901367	-6294.875000	1312.815918	5945.443359	
0.258102	-0.450435	2759.730469	-6274.878906	1270.078125	5946.880859	
0.266256	-0.462514	2795.439453	-6254.610352	1227.261230	5947.948242	
0.274560	-0.474732	2831.026855	-6234.069336	1184.367676	5948.644531	
0.283013	-0.487089	2866.490723	-6213.255859	1141.399902	5948.966797	
0.291617	-0.499584	2901.829102	-6192.170898	1098.360352	5948.915039	
0.300374	-0.512215	2937.040527	-6170.814453	1055.251221	5948.486328	
0.309283	-0.524983	2972.123047	-6149.187500	1012.075195	5947.680664	
0.318345	-0.537885	3007.074707	-6127.290039	968.834717	5946.495117	
0.327563	-0.550921	3041.894043	-6105.123047	925.532349	5944.928711	
0.336935	-0.564090	3076.579102	-6082.686523	882.170532	5942.980469	
0.346464	-0.577391	3111.128418	-6059.981445	838.751831	5940.648438	
0.356150	-0.590823	3145.539551	-6037.007812	795.278809	5937.931641	
0.365995	-0.604385	3179.811035	-6013.765625	751.754028	5934.828125	
0.375998	-0.618075	3213.941406	-5990.255859	708.180176	5931.335938	
0.386161	-0.631894	3247.928223	-5966.479492	664.559814	5927.454102	
0.396485	-0.645840	3281.770020	-5942.436523	620.895752	5923.181641	
0.406970	-0.659911	3315.464844	-5918.127930	577.190552	5918.516602	
0.417618	-0.674107	3349.011230	-5893.553711	533.447021	5913.458008	
0.428430	-0.688427	3382.406738	-5868.713867	489.667847	5908.002930	
0.439405	-0.702870	3415.649902	-5843.610352	445.855835	5902.151367	
0.450545	-0.717434	3448.738770	-5818.242188	402.013794	5895.901367	
0.461851	-0.732118	3481.671875	-5792.611328	358.144531	5889.250977	
0.473324	-0.746922	3514.446777	-5766.717773	314.250916	5882.199219	
0.484964	-0.761845	3547.062012	-5740.561523	270.335815	5874.745117	
0.496773	-0.776885	3579.515625	-5714.143555	226.402191	5866.886719	
0.508750	-0.792040	3611.805664	-5687.464844	182.452972	5858.622070	
0.520898	-0.807311	3643.930176	-5660.525391	138.491150	5849.950195	
0.533216	-0.822696	3675.887695	-5633.326172	94.519714	5840.870117	
0.545706	-0.838193	3707.675781	-5605.867188	50.541718	5831.379883	
0.558368	-0.853802	3739.292969	-5578.150391	6.560223	5821.477539	
0.571203	-0.869522	3770.737305	-5550.175781	-37.421669	5811.162109	
0.584212	-0.885351	3802.006836	-5521.943359	-81.400818	5800.432617	
0.597395	-0.901288	3833.099609	-5493.454102	-125.374054	5789.287109	
0.610754	-0.917331	3864.013672	-5464.708984	-169.338165	5777.723633	
0.624289	-0.933481	3894.747070	-5435.708984	-213.289948	5765.741211	
0.638001	-0.949735	3925.298340	-5406.454102	-257.226105	5753.338867	
0.651890	-0.966092	3955.665039	-5376.945312	-301.143341	5740.514648	
0.665958	-0.982552	3985.845703	-5347.183594	-345.038300	5727.267578	
0.680204	-0.999112	4015.837891	-5317.168945	-388.907623	5713.596680	
0.694631	-1.015772	4045.640137	-5286.902344	-432.747894	5699.499023	
0.709238	-1.032531	4075.250488	-5256.384766	-476.555634	5684.974609	
0.724026	-1.049386	4104.666504	-5225.617188	-520.327393	5670.021484	
0.738996	-1.066338	4133.887207	-5194.600586	-564.059570	5654.638672	
0.754148	-1.083384	4162.909668	-5163.334961	-607.748657	5638.824219	
0.769483	-1.100524	4191.731934	-5131.821289	-651.390991	5622.577148	
0.785003	-1.117756	4220.353027	-5100.060547	-694.983032	5605.896484	
0.800707	-1.135078	4248.770020	-5068.053711	-738.520996	5588.780273	
0.816596	-1.152490	4276.980957	-5035.801758	-782.001221	5571.227539	
0.832670	-1.169990	4304.983887	-5003.304688	-825.419922	5553.237305	
0.848931	-1.187577	4332.777832	-4970.564453	-868.773193	5534.807617	
0.865379	-1.205250	4360.359863	-4937.581055	-912.057251	5515.937500	
0.882015	-1.223006	4387.728027	-4904.355469	-955.268188	5496.625000	
0.898839	-1.240846	4414.880371	-4870.888672	-998.401978	5476.870117	
0.915851	-1.258767	4441.814941	-4837.181641	-1041.454712	5456.670898	
0.933053	-1.276769	4468.529785	-4803.235352	-1084.422363	5436.026367	
0.950444	-1.294849	4495.022949	-4769.050781	-1127.300781	5414.934570	
0.968026	-1.313006	4521.292480	-4734.628906	-1170.085938	5393.395508	
0.985799	-1.331240	4547.336426	-4699.970703	-1212.773438	5371.407227	
1.003764	-1.349548	4573.152832	-4665.077148	-1255.359375	5348.968750	
1.021920	-1.367929	4598.739746	-4629.949219	-1297.839355	5326.079102	
1.040269	-1.386382	4624.094238	-4594.587891	-1340.208984	5302.736328	
1.058810	-1.404905	4649.215332	-4558.994141	-1382.463867	5278.940430	
1.077545	-1.423498	4674.100098	-4523.168945	-1424.599609	5254.689453	
1.096474	-1.442158	4698.747559	-4487.113281	-1466.611572	5229.983398	
1.115597	-1.460884	4723.154785	-4450.829102	-1508.495361	5204.820312	
1.134915	-1.479675	4747.319824	-4414.316406	-1550.246582	5179.200195	
1.154427	-1.498529	4771.240723	-4377.577148	-1591.860352	5153.121094	
1.174135	-1.517444	4794.915527	-4340.611328	-1633.332031	5126.582031	
1.194040	-1.536420	4818.341309	-4303.420898	-1674.656982	5099.583008	
1.214140	-1.555455	4841.517090	-4266.006836	-1715.830322	5072.122070	
1.234437	-1.574547	4864.440918	-4228.370117	-1756.847168	5044.199219	
1.254930	-1.593695	4887.109863	-4190.512695	-1797.702637	5015.812500	
1.275621	-1.612897	4909.521973	-4152.435547	-1838.391602	4986.961914	
1.296510	-1.632152	4931.675293	-4114.139648	-1878.909180	4957.647461	
1.317596	-1.651459	4953.567871	-4075.625488	-1919.250244	4927.867188	
1.338880	-1.670815	4975.197754	-4036.895020	-1959.409668	4897.621094	
1.360363	-1.690220	4996.562012	-3997.949707	-1999.382324	4866.908203	
1.382044	-1.709671	5017.659668	-3958.790527	-2039.162842	4835.727539	
1.403924	-1.729168	5038.487793	-3919.418945	-2078.745850	4804.079102	
1.426003	-1.748708	5059.044434	-3879.836426	-2118.125732	4771.961914	
1.448281	-1.768290	5079.327637	-3840.043945	-2157.297607	4739.375000	
1.470758	-1.787914	5099.335449	-3800.042969	-2196.255615	4706.319336	
1.493435	-1.807576	5119.064941	-3759.835449	-2234.993896	4672.792969	
1.516311	-1.827276	5138.515137	-3719.422363	-2273.507080	4638.796875	
1.539387	-1.847012	5157.683105	-3678.804688	-2311.789795	4604.330078	
1.562663	-1.866783	5176.566895	-3637.984375	-2349.835693	4569.391602	
1.586139	-1.886586	5195.163574	-3596.962891	-2387.639404	4533.982422	
1.609814	-1.906421	5213.472168	-3555.741699	-2425.194580	4498.101562	
1.633690	-1.926286	5231.489746	-3514.322266	-2462.495605	4461.749023	
1.657765	-1.946179	5249.214355	-3472.706055	-2499.536133	4424.924805	
1.682040	-1.966099	5266.644043	-3430.895020	-2536.310547	4387.629883	
1.706515	-1.986044	5283.776855	-3388.890137	-2572.812012	4349.863281	
1.731189	-2.006013	5300.609863	-3346.693359	-2609.034668	4311.625000	
1.756064	-2.026003	5317.142090	-3304.306152	-2644.972168	4272.916016	
1.781138	-2.046014	5333.370605	-3261.730469	-2680.618164	4233.735352	
1.806411	-2.066044	5349.292480	-3218.967773	-2715.965820	4194.084961	
1.831884	-2.086092	5364.906738	-3176.019531	-2751.009277	4153.963867	
1.857555	-2.106155	5380.210449	-3132.887695	-2785.741211	4113.373047	
1.883426	-2.126233	5395.201660	-3089.573730	-2820.155273	4072.312988	
1.909495	-2.146323	5409.878418	-3046.080078	-2854.245117	4030.784180	
1.935763	-2.166425	5424.238770	-3002.407715	-2888.003418	3988.787598	
1.962229	-2.186537	5438.279785	-2958.559082	-2921.423340	3946.324219	
1.988893	-2.206656	5451.999512	-2914.535645	-2954.498047	3903.394531	
2.015755	-2.226783	5465.395996	-2870.339355	-2987.220703	3859.999512	
2.042814	-2.246914	5478.466309	-2825.972168	-3019.583984	3816.140137	
2.070069	-2.267049	5491.209473	-2781.436035	-3051.580566	3771.817871	
2.097522	-2.287186	5503.622559	-2736.732910	-3083.203613	3727.033691	
2.125170	-2.307324	5515.703613	-2691.864258	-3114.445312	3681.789062	
2.153014	-2.327461	5527.449707	-2646.832520	-3145.298828	3636.084961	
2.181053	-2.347595	5538.859863	-2601.639648	-3175.756348	3589.923340	
2.209287	-2.367726	5549.931152	-2556.288086	-3205.810547	3543.306152	
2.237715	-2.387852	5560.661621	-2510.779297	-3235.454102	3496.234863	
2.266337	-2.407971	5571.048340	-2465.115723	-3264.678711	3448.710938	
2.295152	-2.428082	5581.089355	-2419.299316	-3293.477051	3400.736816	
2.324159	-2.448184	5590.783203	-2373.332520	-3321.841309	3352.314941	
2.353359	-2.468274	5600.126953	-2327.217285	-3349.763672	3303.446777	
2.382750	-2.488353	5609.119141	-2280.956055	-3377.236328	3254.135254	
2.412331	-2.508417	5617.756836	-2234.550781	-3404.251465	3204.382812	
2.442103	-2.528467	5626.038086	-2188.003906	-3430.800781	3154.191895	
2.472063	-2.548501	5633.960938	-2141.317383	-3456.875977	3103.564941	
2.502213	-2.568517	5641.523438	-2094.494141	-3482.469238	3052.505371	
2.532550	-2.588514	5648.722656	-2047.536133	-3507.572266	3001.016113	
2.563074	-2.608491	5655.556641	-2000.445801	-3532.176758	2949.100098	
2.593784	-2.628447	5662.023438	-1953.225830	-3556.274414	2896.761230	
2.624680	-2.648380	5668.121094	-1905.878418	-3579.856934	2844.002441	
2.655760	-2.668289	5673.847656	-1858.406250	-3602.916016	2790.827637	
2.687024	-2.688174	5679.200195	-1810.811768	-3625.442871	2737.240723	
2.718471	-2.708032	5684.176758	-1763.097412	-3647.429199	2683.245605	
2.750099	-2.727864	5688.775391	-1715.266113	-3668.866211	2628.846191	
2.781909	-2.747667	5692.994141	-1667.320312	-3689.745605	2574.047363	
2.813899	-2.767440	5696.830078	-1619.262451	-3710.058594	2518.853027	
2.846068	-2.787184	5700.281250	-1571.095459	-3729.796387	2463.268066	
2.878414	-2.806895	5703.346680	-1522.822021	-3748.950684	2407.297852	
2.910939	-2.826575	5706.022461	-1474.445068	-3767.512207	2350.946777	
2.943639	-2.846222	5708.307617	-1425.967285	-3785.472656	2294.220703	
2.976514	-2.865834	5710.200195	-1377.391357	-3802.823242	2237.124512	
3.009563	-2.885412	5711.697266	-1328.720459	-3819.554688	2179.664062	
3.042785	-2.904953	5712.797852	-1279.957275	-3835.658691	2121.845703	
3.076179	-2.924459	5713.499023	-1231.104736	-3851.126465	2063.674805	
3.109743	-2.943927	5713.798828	-1182.166016	-3865.948730	2005.157959	
3.143478	-2.963357	5713.695312	-1133.144043	-3880.117188	1946.301758	
3.177381	-2.982748	5713.186523	-1084.041748	-3893.622559	1887.112793	
3.211451	-3.002101	5712.270508	-1034.862305	-3906.456543	1827.598145	
3.245688	-3.021413	5710.945312	-985.608887	-3918.609863	1767.764893	
3.280090	-3.040685	5709.208984	-936.284668	-3930.074219	1707.620605	
3.314656	-3.059917	5707.058594	-886.892822	-3940.840332	1647.172607	
3.349385	-3.079107	5704.493164	-837.436646	-3950.899902	1586.428955	
3.384276	-3.098255	5701.510742	-787.919312	-3960.244141	1525.397949	
3.419327	-3.117362	5698.108398	-738.344238	-3968.864258	1464.087646	
3.454538	-3.136426	5694.285156	-688.714844	-3976.751953	1402.506836	
3.489908	-3.155448	5690.039062	-639.034424	-3983.898926	1340.664307	
3.525434	-3.174427	5685.368164	-589.306519	-3990.296387	1278.569336	
3.561117	-3.193364	5680.270508	-539.534546	-3995.936035	1216.231201	
3.596956	-3.212258	5674.744141	-489.722046	-4000.809570	1153.659424	
3.632948	-3.231108	5668.787109	-439.872620	-4004.908691	1090.864014	
3.669093	-3.249915	5662.397461	-389.989868	-4008.225586	1027.854980	
3.705390	-3.268680	5655.573242	-340.077454	-4010.751953	964.642944	
3.741838	-3.287402	5648.313477	-290.139038	-4012.479980	901.238403	
3.778436	-3.306082	5640.615234	-240.178360	-4013.402344	837.652344	
3.815183	-3.324719	5632.477539	-190.199234	-4013.510742	773.895996	
3.852078	-3.343314	5623.899414	-140.205460	-4012.798340	709.980835	
3.889120	-3.361868	5614.877930	-90.200882	-4011.257324	645.918579	
3.926308	-3.380379	5605.412109	-40.189434	-4008.880859	581.721191	
3.963642	-3.398850	5595.500000	9.824951	-4005.661621	517.401001	
4.001120	-3.417281	5585.139648	59.838280	-4001.593262	452.970459	
4.038741	-3.435672	5574.330078	109.846519	-3996.668945	388.442383	
4.076506	-3.454023	5563.069336	159.845581	-3990.882324	323.829895	
4.114412	-3.472335	5551.356445	209.831360	-3984.227051	259.146240	
4.152461	-3.490609	5539.189453	259.799683	-3976.697266	194.404999	
4.190651	-3.508847	5526.567383	309.746338	-3968.287109	129.619995	
4.228981	-3.527047	5513.488281	359.667053	-3958.991211	64.805313	
4.267451	-3.545213	5499.950195	409.557556	-3948.804199	-0.024727	
4.306061	-3.563343	5485.953125	459.413513	-3937.721191	-64.855568	
4.344810	-3.581439	5471.494141	509.230530	-3925.737305	-129.672394	
4.383698	-3.599502	5456.573242	559.004211	-3912.848145	-194.460175	
4.422726	-3.617533	5441.188477	608.730042	-3899.049805	-259.203644	
4.461891	-3.635534	5425.338867	658.403503	-3884.338379	-323.887360	
4.501196	-3.653504	5409.023438	708.020081	-3868.710449	-388.495575	
4.540639	-3.671445	5392.241211	757.575134	-3852.162598	-453.012421	
4.580221	-3.689359	5374.990234	807.064026	-3834.692383	-517.421753	
4.619942	-3.707246	5357.270508	856.481995	-3816.297363	-581.707397	
4.659801	-3.725107	5339.080078	905.824402	-3796.975098	-645.852783	
4.699801	-3.742944	5320.417969	955.086487	-3776.724121	-709.841309	
4.739942	-3.760759	5301.284180	1004.263367	-3755.542969	-773.656128	
4.780222	-3.778551	5281.676758	1053.350098	-3733.430664	-837.280273	
4.820643	-3.796322	5261.595703	1102.342041	-3710.386719	-900.696655	
4.861207	-3.814074	5241.040039	1151.233887	-3686.410645	-963.888184	
4.901914	-3.831807	5220.008789	1200.020996	-3661.503418	-1026.837402	
4.942764	-3.849523	5198.500977	1248.697998	-3635.665039	-1089.526855	
4.983760	-3.867223	5176.516602	1297.260010	-3608.896973	-1151.939209	
5.024901	-3.884908	5154.054688	1345.701904	-3581.200684	-1214.056641	
5.066190	-3.902580	5131.114258	1394.018555	-3552.578613	-1275.861572	
5.107627	-3.920239	5107.695312	1442.204590	-3523.032715	-1337.336182	
5.149214	-3.937887	5083.797852	1490.254883	-3492.565918	-1398.462891	
5.190952	-3.955524	5059.420898	1538.164307	-3461.182129	-1459.223877	
5.232844	-3.973152	5034.564453	1585.927246	-3428.884766	-1519.601318	
5.274892	-3.990772	5009.227539	1633.538574	-3395.678223	-1579.577637	
5.317097	-4.008384	4983.411133	1680.992676	-3361.567383	-1639.135010	
5.359460	-4.025990	4957.114258	1728.284424	-3326.557617	-1698.255859	
5.401984	-4.043590	4930.336914	1775.408203	-3290.654297	-1756.922363	
5.444673	-4.061184	4903.080078	1822.358398	-3253.863770	-1815.117188	
5.487527	-4.078774	4875.342773	1869.129395	-3216.192871	-1872.822754	
5.530549	-4.096361	4847.125000	1915.715820	-3177.648926	-1930.021973	
5.573742	-4.113944	4818.427734	1962.112061	-3138.239746	-1986.697510	
5.617108	-4.131524	4789.250977	2008.312256	-3097.973145	-2042.832520	
5.660650	-4.149102	4759.594727	2054.310791	-3056.857422	-2098.409668	
5.704371	-4.166677	4729.459961	2100.102295	-3014.902344	-2153.413086	
5.748274	-4.184251	4698.846680	2145.680420	-2972.116699	-2207.825684	
5.792361	-4.201822	4667.755859	2191.039795	-2928.511230	-2261.631348	
5.836637	-4.219392	4636.188477	2236.174561	-2884.095703	-2314.813965	
5.881104	-4.236959	4604.144531	2281.078857	-2838.881348	-2367.357910	
5.925764	-4.254522	4571.625000	2325.746826	-2792.879395	-2419.248047	
5.970622	-4.272083	4538.630859	2370.172607	-2746.102051	-2470.468750	
6.015681	-4.289640	4505.163086	2414.350342	-2698.561035	-2521.004883	
6.060946	-4.307193	4471.222656	2458.273682	-2650.269043	-2570.842285	
6.106418	-4.324740	4436.810547	2501.937012	-2601.238770	-2619.966797	
6.152101	-4.342281	4401.927734	2545.334473	-2551.483887	-2668.364258	
6.197999	-4.359815	4366.576172	2588.459473	-2501.017578	-2716.020996	
6.244116	-4.377339	4330.756836	2631.306641	-2449.854492	-2762.923828	
6.290455	-4.394854	4294.471680	2673.869629	-2398.008789	-2809.060059	
6.337020	-4.412355	4257.721680	2716.142578	-2345.495117	-2854.417480	
6.383815	-4.429844	4220.508789	2758.119141	-2292.328613	-2898.983887	
6.430843	-4.447317	4182.834961	2799.793457	-2238.524902	-2942.748047	
6.478109	-4.464772	4144.701172	2841.159180	-2184.099609	-2985.698242	
6.525617	-4.482207	4106.110352	2882.210449	-2129.068359	-3027.824219	
6.573368	-4.499619	4067.063965	2922.940918	-2073.447266	-3069.115234	
6.621368	-4.517007	4027.564453	2963.344727	-2017.252930	-3109.562012	
6.669621	-4.534366	3987.613770	3003.415527	-1960.501953	-3149.154785	
6.718130	-4.551694	3947.214355	3043.147461	-1903.211182	-3187.884766	
6.766898	-4.568988	3906.368652	3082.534180	-1845.397705	-3225.743652	
6.815929	-4.586245	3865.079102	3121.569336	-1787.078613	-3262.723145	
6.865228	-4.603460	3823.348633	3160.247070	-1728.271240	-3298.815918	
6.914796	-4.620632	3781.179688	3198.561035	-1668.993164	-3334.015137	
6.964638	-4.637755	3738.575195	3236.505371	-1609.261719	-3368.313965	
7.014757	-4.654827	3695.538086	3274.073730	-1549.094971	-3401.706543	
7.065157	-4.671843	3652.071289	3311.260254	-1488.510498	-3434.187500	
7.115841	-4.688797	3608.177734	3348.058594	-1427.526123	-3465.751465	
7.166811	-4.705687	3563.860840	3384.462891	-1366.159668	-3496.394043	
7.218071	-4.722507	3519.124023	3420.467285	-1304.428955	-3526.110840	
7.269625	-4.739252	3473.970703	3456.065430	-1242.352051	-3554.898438	
7.321474	-4.755919	3428.404297	3491.250977	-1179.947021	-3582.753418	
7.373622	-4.772500	3382.428711	3526.018555	-1117.231445	-3609.673340	
7.426070	-4.788993	3336.047852	3560.361816	-1054.223389	-3635.655762	
7.478823	-4.805390	3289.265137	3594.274902	-990.940796	-3660.699219	
7.531880	-4.821688	3242.084961	3627.751465	-927.401245	-3684.802246	
7.585246	-4.837879	3194.511230	3660.786133	-863.622437	-3707.963867	
7.638923	-4.853959	3146.547852	3693.373047	-799.621948	-3730.183594	
7.692911	-4.869922	3098.199707	3725.506348	-735.417358	-3751.461426	
7.747213	-4.885761	3049.470703	3757.180176	-671.026001	-3771.797852	
7.801831	-4.901471	3000.365723	3788.388672	-606.464966	-3791.193848	
7.856766	-4.917046	2950.889160	3819.126465	-541.751465	-3809.650391	
7.912019	-4.932479	2901.045898	3849.387695	-476.902466	-3827.168945	
7.967591	-4.947764	2850.840820	3879.166504	-411.934692	-3843.751953	
8.023484	-4.962895	2800.278809	3908.457520	-346.864746	-3859.401367	
8.079700	-4.977865	2749.364746	3937.255371	-281.709045	-3874.120117	
8.136235	-4.992668	2698.104004	3965.554688	-216.483826	-3887.911133	
8.193093	-5.007298	2646.501953	3993.350098	-151.205078	-3900.778320	
8.250274	-5.021746	2594.563965	4020.636230	-85.888611	-3912.725098	
8.307778	-5.036007	2542.295410	4047.407715	-20.549988	-3923.755371	
8.365605	-5.050074	2489.701660	4073.659668	44.795418	-3933.874023	
8.423755	-5.063940	2436.789062	4099.386719	110.132484	-3943.085449	
8.482224	-5.077599	2383.562988	4124.583984	175.446320	-3951.395020	
8.541017	-5.091043	2330.029297	4149.246094	240.722290	-3958.807617	
8.600129	-5.104265	2276.193848	4173.369141	305.945984	-3965.329102	
8.659560	-5.117259	2222.062988	4196.947266	371.103271	-3970.965332	
8.719310	-5.130018	2167.643066	4219.976562	436.180298	-3975.722168	
8.779376	-5.142535	2112.939941	4242.451172	501.163391	-3979.605957	
8.839757	-5.154803	2057.960449	4264.368164	566.039246	-3982.623535	
8.900451	-5.166816	2002.710693	4285.721680	630.794739	-3984.781250	
8.961455	-5.178565	1947.197510	4306.508789	695.417053	-3986.086426	
9.022769	-5.190045	1891.427246	4326.723633	759.893616	-3986.545898	
9.084390	-5.201249	1835.406982	4346.363281	824.212097	-3986.166992	
9.146314	-5.212170	1779.143555	4365.422852	888.360535	-3984.957031	
9.208539	-5.222801	1722.643555	4383.899414	952.327209	-3982.924316	
9.271062	-5.233136	1665.914307	4401.788086	1016.100647	-3980.076172	
9.333880	-5.243168	1608.962891	4419.085938	1079.669678	-3976.420410	
9.396991	-5.252891	1551.796387	4435.788086	1143.023438	-3971.965332	
9.460391	-5.262298	1494.422119	4451.892578	1206.151123	-3966.719238	
9.524076	-5.271382	1436.847412	4467.394531	1269.042480	-3960.690430	
9.588040	-5.280138	1379.079590	4482.291992	1331.687256	-3953.887207	
9.652284	-5.288559	1321.125977	4496.581055	1394.075684	-3946.317871	
9.716800	-5.296638	1262.994385	4510.257812	1456.198242	-3937.991699	
9.781585	-5.304372	1204.692383	4523.320312	1518.045410	-3928.916992	
9.846633	-5.311751	1146.227539	4535.765625	1579.608398	-3919.102539	
9.911941	-5.318772	1087.607666	4547.591797	1640.878174	-3908.557129	
9.977504	-5.325429	1028.840332	4558.794922	1701.846436	-3897.289551	
10.043317	-5.331716	969.933594	4569.373047	1762.504639	-3885.308594	
10.109376	-5.337626	910.895264	4579.324219	1822.844971	-3872.623535	
10.175675	-5.343156	851.733276	4588.646484	1882.859619	-3859.243652	
10.242209	-5.348299	792.455688	4597.336914	1942.541016	-3845.177734	
10.308972	-5.353051	733.070557	4605.394531	2001.881592	-3830.434570	
10.375958	-5.357407	673.585815	4612.816406	2060.874512	-3815.023438	
10.443164	-5.361361	614.009766	4619.601562	2119.513184	-3798.953613	
10.510581	-5.364908	554.350464	4625.749023	2177.790527	-3782.233887	
10.578204	-5.368045	494.616058	4631.256836	2235.700195	-3764.874023	
10.646028	-5.370767	434.814789	4636.124023	2293.236328	-3746.882324	
10.714046	-5.373069	374.954865	4640.349609	2350.393066	-3728.268555	
10.782250	-5.374947	315.044586	4643.931641	2407.164551	-3709.041504	
10.850638	-5.376397	255.092209	4646.870117	2463.544922	-3689.209961	
10.919202	-5.377416	195.106049	4649.165039	2519.529297	-3668.783203	
10.987933	-5.377999	135.094391	4650.814453	2575.112305	-3647.770508	
11.056827	-5.378143	75.065582	4651.819336	2630.289062	-3626.180664	
11.125876	-5.377845	15.027931	4652.178711	2685.054688	-3604.022461	
11.195075	-5.377101	-45.010231	4651.892578	2739.404785	-3581.305176	
11.264415	-5.375908	-105.040573	4650.960938	2793.335449	-3558.037598	
11.333890	-5.374264	-165.054764	4649.383789	2846.841797	-3534.228516	
11.403495	-5.372165	-225.044495	4647.162109	2899.920410	-3509.886719	
11.473220	-5.369609	-285.001434	4644.295898	2952.566895	-3485.020508	
11.543059	-5.366593	-344.917328	4640.786133	3004.778320	-3459.639160	
11.613008	-5.363115	-404.783844	4636.633789	3056.550781	-3433.751465	
11.683055	-5.359173	-464.592743	4631.838867	3107.880859	-3407.365723	
11.753196	-5.354765	-524.335754	4626.403320	3158.765625	-3380.490234	
11.823422	-5.349889	-584.004700	4620.328125	3209.202148	-3353.133789	
11.893729	-5.344543	-643.591370	4613.614258	3259.187012	-3325.304688	
11.964107	-5.338727	-703.087646	4606.263672	3308.718262	-3297.011230	
12.034549	-5.332438	-762.485352	4598.278320	3357.792480	-3268.262207	
12.105048	-5.325674	-821.776489	4589.659180	3406.407715	-3239.065430	
12.175597	-5.318437	-880.953003	4580.408203	3454.562012	-3209.429199	
12.246190	-5.310723	-940.006836	4570.527344	3502.252930	-3179.361328	
12.316817	-5.302534	-998.930054	4560.019531	3549.478027	-3148.870117	
12.387473	-5.293868	-1057.714722	4548.885742	3596.235840	-3117.963379	
12.458150	-5.284724	-1116.353027	4537.129883	3642.524414	-3086.648926	
12.528842	-5.275104	-1174.837158	4524.753906	3688.342285	-3054.934570	
12.599540	-5.265005	-1233.159424	4511.759766	3733.687500	-3022.828613	
12.670238	-5.254429	-1291.312012	4498.151367	3778.559082	-2990.337891	
12.740928	-5.243376	-1349.287598	4483.930664	3822.955566	-2957.470703	
12.811604	-5.231846	-1407.078369	4469.101562	3866.875488	-2924.234375	
12.882258	-5.219839	-1464.677002	4453.666992	3910.317871	-2890.636230	
12.952884	-5.207356	-1522.075928	4437.629883	3953.281738	-2856.683594	
13.023475	-5.194399	-1579.267822	4420.994141	3995.766113	-2822.383789	
13.094022	-5.180967	-1636.245605	4403.762695	4037.770020	-2787.744141	
13.164519	-5.167063	-1693.001953	4385.939453	4079.292969	-2752.771973	
13.234962	-5.152686	-1749.529785	4367.528320	4120.333984	-2717.474121	
13.305339	-5.137839	-1805.822021	4348.533203	4160.892578	-2681.857422	
13.375648	-5.122523	-1861.871826	4328.957031	4200.968750	-2645.929199	
13.445878	-5.106740	-1917.672363	4308.804688	4240.561523	-2609.696289	
13.516026	-5.090491	-1973.216797	4288.081055	4279.669922	-2573.165039	
13.586085	-5.073779	-2028.498291	4266.789062	4318.294922	-2536.342773	
13.656047	-5.056605	-2083.510498	4244.933594	4356.435547	-2499.235840	
13.725905	-5.038972	-2138.246826	4222.519531	4394.092773	-2461.850586	
13.795655	-5.020881	-2192.700928	4199.550781	4431.265625	-2424.193848	
13.865289	-5.002335	-2246.866455	4176.032227	4467.954102	-2386.271973	
13.934800	-4.983335	-2300.737061	4151.968750	4504.158203	-2348.090820	
14.004184	-4.963886	-2354.306885	4127.364258	4539.878906	-2309.657227	
14.073434	-4.943990	-2407.569580	4102.224609	4575.115234	-2270.977539	
14.142543	-4.923648	-2460.519775	4076.554688	4609.868164	-2232.057129	
14.211507	-4.902864	-2513.151123	4050.358887	4644.137695	-2192.902832	
14.280318	-4.881642	-2565.458252	4023.643066	4677.924805	-2153.520020	
14.348971	-4.859984	-2617.435303	3996.412109	4711.229492	-2113.915039	
14.417462	-4.837893	-2669.076904	3968.670898	4744.051758	-2074.093750	
14.485784	-4.815373	-2720.377686	3940.424805	4776.393555	-2034.061646	
14.553931	-4.792427	-2771.332275	3911.679688	4808.253906	-1993.824585	
14.621898	-4.769058	-2821.935303	3882.440430	4839.633789	-1953.388306	
14.689679	-4.745270	-2872.181885	3852.712891	4870.534180	-1912.758423	
14.757270	-4.721066	-2922.067139	3822.502441	4900.956055	-1871.940308	
14.824666	-4.696449	-2971.586182	3791.814941	4930.900391	-1830.939331	
14.891862	-4.671425	-3020.734131	3760.655762	4960.367188	-1789.761108	
14.958852	-4.645996	-3069.506592	3729.030762	4989.357422	-1748.410767	
15.025632	-4.620167	-3117.898682	3696.945312	5017.872070	-1706.893677	
15.092196	-4.593941	-3165.906006	3664.405273	5045.912109	-1665.214966	
15.158542	-4.567322	-3213.524658	3631.416992	5073.478516	-1623.380005	
15.224662	-4.540314	-3260.750244	3597.985840	5100.571289	-1581.393677	
15.290553	-4.512921	-3307.578369	3564.117676	5127.192383	-1539.260864	
15.356212	-4.485148	-3354.005127	3529.818848	5153.342773	-1496.986694	
15.421632	-4.457000	-3400.026611	3495.094727	5179.023438	-1454.576050	
15.486812	-4.428479	-3445.639404	3459.951660	5204.235352	-1412.033569	
15.551745	-4.399590	-3490.839600	3424.395508	5228.979492	-1369.364380	
15.616429	-4.370338	-3535.623291	3388.432617	5253.257812	-1326.572876	
15.680860	-4.340728	-3579.987549	3352.068848	5277.070312	-1283.663940	
15.745032	-4.310762	-3623.928467	3315.310059	5300.418945	-1240.642212	
15.808946	-4.280447	-3667.443115	3278.162598	5323.304688	-1197.512085	
15.872594	-4.249785	-3710.528564	3240.632324	5345.728516	-1154.278198	
15.935973	-4.218783	-3753.181396	3202.725586	5367.692383	-1110.944946	
15.999082	-4.187445	-3795.398682	3164.448242	5389.196289	-1067.516479	
16.061914	-4.155774	-3837.177979	3125.806641	5410.242188	-1023.997437	
16.124472	-4.123775	-3878.516357	3086.806641	5430.832031	-980.392090	
16.186747	-4.091455	-3919.410889	3047.454590	5450.966797	-936.704590	
16.248735	-4.058815	-3959.859131	3007.756836	5470.647461	-892.939209	
16.310438	-4.025863	-3999.859131	2967.719238	5489.875000	-849.099976	
16.371851	-3.992601	-4039.407959	2927.348145	5508.651367	-805.191040	
16.432974	-3.959036	-4078.503662	2886.649414	5526.978516	-761.216431	
16.493799	-3.925171	-4117.144043	2845.629395	5544.857422	-717.180176	
16.554327	-3.891012	-4155.327637	2804.294434	5562.289062	-673.086304	
16.614557	-3.856563	-4193.051270	2762.649902	5579.275391	-628.938599	
16.674482	-3.821829	-4230.313965	2720.702637	5595.817383	-584.740967	
16.734102	-3.786814	-4267.113770	2678.458496	5611.916992	-540.497192	
16.793417	-3.751523	-4303.448730	2635.923340	5627.575195	-496.211060	
16.852423	-3.715962	-4339.317871	2593.103516	5642.792969	-451.886292	
16.911116	-3.680134	-4374.719238	2550.004883	5657.573242	-407.526611	
16.969496	-3.644045	-4409.651855	2506.633789	5671.916016	-363.135620	
17.027563	-3.607699	-4444.113770	2462.995605	5685.824219	-318.716919	
17.085314	-3.571101	-4478.104980	2419.097168	5699.297852	-274.274109	
17.142744	-3.534255	-4511.623535	2374.943848	5712.339844	-229.810638	
17.199854	-3.497167	-4544.668457	2330.541504	5724.951172	-185.330048	
17.256643	-3.459840	-4577.237793	2285.896484	5737.132812	-140.835754	
17.313112	-3.422281	-4609.331543	2241.014648	5748.886719	-96.331146	
17.369257	-3.384493	-4640.949707	2195.901367	5760.214844	-51.819611	
17.425074	-3.346481	-4672.090332	2150.562988	5771.118164	-7.304466	
17.480566	-3.308249	-4702.753418	2105.005371	5781.598633	37.210995	
17.535730	-3.269804	-4732.937988	2059.233887	5791.657227	81.723518	
17.590563	-3.231147	-4762.644043	2013.254639	5801.295898	126.229889	
17.645067	-3.192286	-4791.870605	1967.073242	5810.516602	170.726929	
17.699240	-3.153223	-4820.617676	1920.695312	5819.320312	215.211487	
17.753080	-3.113964	-4848.884277	1874.126709	5827.708984	259.680420	
17.806589	-3.074513	-4876.671387	1827.372803	5835.684570	304.130676	
17.859766	-3.034875	-4903.978027	1780.439453	5843.248047	348.559204	
17.912607	-2.995054	-4930.804199	1733.332031	5850.400391	392.963013	
17.965117	-2.955055	-4957.149902	1686.056152	5857.144531	437.339050	
18.017290	-2.914881	-4983.015137	1638.617188	5863.481445	481.684387	
18.069128	-2.874538	-5008.400879	1591.020508	5869.412109	525.996155	
18.120630	-2.834030	-5033.306152	1543.271729	5874.939453	570.271423	
18.171797	-2.793360	-5057.731934	1495.376221	5880.063477	614.507324	
18.222628	-2.752534	-5081.678223	1447.339111	5884.787109	658.701050	
18.273123	-2.711556	-5105.145996	1399.165771	5889.111328	702.849731	
18.323278	-2.670430	-5128.134277	1350.861572	5893.038086	746.950684	
18.373098	-2.629160	-5150.645020	1302.431641	5896.568359	791.001099	
18.422583	-2.587751	-5172.678223	1253.881104	5899.704102	834.998291	
18.471731	-2.546206	-5194.233887	1205.215088	5902.447266	878.939575	
18.520540	-2.504530	-5215.312988	1156.438721	5904.798828	922.822266	
18.569014	-2.462727	-5235.916504	1107.557129	5906.760742	966.643677	
18.617151	-2.420800	-5256.045410	1058.575195	5908.334961	1010.401245	
18.664953	-2.378755	-5275.699707	1009.497803	5909.522461	1054.092407	
18.712420	-2.336594	-5294.881348	960.329956	5910.325195	1097.714478	
18.759550	-2.294322	-5313.590332	911.076538	5910.745117	1141.265015	
18.806345	-2.251944	-5331.827637	861.742310	5910.783203	1184.741577	
18.852804	-2.209461	-5349.594238	812.332153	5910.441406	1228.141724	
18.898928	-2.166879	-5366.891113	762.850830	5909.720703	1271.462769	
18.944719	-2.124202	-5383.720215	713.302979	5908.624023	1314.702271	
18.990179	-2.081432	-5400.081543	663.693237	5907.151367	1357.858032	
19.035303	-2.038575	-5415.977051	614.026245	5905.305664	1400.927368	
19.080095	-1.995633	-5431.407715	564.306519	5903.087891	1443.908081	
19.124556	-1.952611	-5446.374512	514.538574	5900.499023	1486.797852	
19.168688	-1.909512	-5460.878418	464.726990	5897.541992	1529.594238	
19.212488	-1.866339	-5474.921387	414.876160	5894.217773	1572.294922	
19.255960	-1.823096	-5488.504395	364.990417	5890.527344	1614.897705	
19.299105	-1.779787	-5501.629395	315.074158	5886.472656	1657.400391	
19.341921	-1.736415	-5514.297363	265.131714	5882.055664	1699.800537	
19.384409	-1.692984	-5526.509277	215.167297	5877.278320	1742.095947	
19.426573	-1.649497	-5538.267090	165.185120	5872.141602	1784.284424	
19.468412	-1.605957	-5549.571777	115.189362	5866.646484	1826.363770	
19.509928	-1.562368	-5560.425293	65.184143	5860.795898	1868.331787	
19.551119	-1.518733	-5570.829590	15.173561	5854.590820	1910.186279	
19.591990	-1.475056	-5580.785645	-34.838345	5848.032227	1951.925049	
19.632540	-1.431339	-5590.295410	-84.847580	5841.122070	1993.546143	
19.672770	-1.387586	-5599.360840	-134.850189	5833.862305	2035.047363	
19.712679	-1.343800	-5607.982910	-184.842255	5826.253906	2076.426758	
19.752272	-1.299984	-5616.163574	-234.819946	5818.298828	2117.682129	
19.791548	-1.256141	-5623.904785	-284.779419	5809.999023	2158.811035	
19.830507	-1.212274	-5631.208496	-334.716858	5801.355469	2199.812012	
19.869154	-1.168387	-5638.075684	-384.628540	5792.370117	2240.682617	
19.907488	-1.124482	-5644.508301	-434.510803	5783.043945	2281.421387	
19.945509	-1.080562	-5650.508301	-484.359924	5773.378906	2322.025879	
19.983221	-1.036630	-5656.077637	-534.172363	5763.376953	2362.494141	
20.020624	-0.992689	-5661.218262	-583.944458	5753.039062	2402.824219	
20.057718	-0.948742	-5665.932129	-633.672729	5742.367188	2443.014160	
20.094507	-0.904792	-5670.220215	-683.353760	5731.362305	2483.062012	
20.130991	-0.860841	-5674.085449	-732.984009	5720.026367	2522.965820	
20.167170	-0.816892	-5677.529785	-782.560059	5708.361328	2562.724121	
20.203047	-0.772947	-5680.554199	-832.078491	5696.368164	2602.334473	
20.238623	-0.729010	-5683.161621	-881.536133	5684.048828	2641.794922	
20.273901	-0.685084	-5685.353027	-930.929565	5671.404297	2681.104004	
20.308882	-0.641169	-5687.131348	-980.255615	5658.436523	2720.259766	
20.343565	-0.597270	-5688.497559	-1029.510986	5645.147461	2759.260254	
20.377954	-0.553389	-5689.454590	-1078.692627	5631.538086	2798.103516	
20.412050	-0.509528	-5690.004395	-1127.797363	5617.609375	2836.787598	
20.445852	-0.465689	-5690.148926	-1176.822021	5603.363281	2875.311035	
20.479364	-0.421876	-5689.890137	-1225.763428	5588.801758	2913.671875	
20.512587	-0.378090	-5689.229980	-1274.618896	5573.925781	2951.868164	
20.545523	-0.334333	-5688.170410	-1323.385254	5558.737305	2989.898438	
20.578173	-0.290609	-5686.713379	-1372.059326	5543.238281	3027.760742	
20.610537	-0.246919	-5684.861816	-1420.638428	5527.429688	3065.453125	
20.642618	-0.203266	-5682.616699	-1469.119873	5511.312500	3102.974121	
20.674417	-0.159651	-5679.980957	-1517.500488	5494.889648	3140.322266	
20.705938	-0.116078	-5676.956543	-1565.777588	5478.161133	3177.495117	
20.737181	-0.072547	-5673.545410	-1613.948486	5461.128906	3214.491211	
20.768145	-0.029062	-5669.749512	-1662.010498	5443.794922	3251.309082	
20.798834	0.014375	-5665.570801	-1709.960693	5426.161133	3287.946777	
20.829248	0.057763	-5661.012207	-1757.796631	5408.228516	3324.402832	
20.859392	0.101100	-5656.075684	-1805.515625	5389.998047	3360.675293	
20.889265	0.144384	-5650.763184	-1853.114990	5371.471680	3396.762695	
20.918871	0.187611	-5645.076660	-1900.592041	5352.651367	3432.663086	
20.948210	0.230782	-5639.018066	-1947.944580	5333.538086	3468.375000	
20.977282	0.273893	-5632.590332	-1995.169922	5314.132812	3503.896973	
21.006090	0.316943	-5625.795410	-2042.265625	5294.438477	3539.227051	
21.034636	0.359930	-5618.635254	-2089.229004	5274.455078	3574.363770	
21.062922	0.402853	-5611.111816	-2136.058105	5254.185547	3609.305176	
21.090948	0.445709	-5603.228027	-2182.750488	5233.630859	3644.049805	
21.118719	0.488496	-5594.985840	-2229.303711	5212.791992	3678.596191	
21.146235	0.531213	-5586.387207	-2275.715332	5191.670898	3712.942383	
21.173494	0.573859	-5577.434082	-2321.982910	5170.268555	3747.087402	
21.200502	0.616431	-5568.129395	-2368.104492	5148.586914	3781.028809	
21.227259	0.658928	-5558.474121	-2414.078125	5126.627930	3814.765625	
21.253767	0.701348	-5548.472168	-2459.900879	5104.392578	3848.295898	
21.280027	0.743690	-5538.124512	-2505.571289	5081.882812	3881.618652	
21.306044	0.785952	-5527.433105	-2551.086914	5059.099609	3914.731445	
21.331816	0.828132	-5516.400879	-2596.445801	5036.044922	3947.633301	
21.357344	0.870229	-5505.029785	-2641.645508	5012.719727	3980.322754	
21.382631	0.912242	-5493.322754	-2686.684570	4989.125977	4012.797852	
21.407682	0.954170	-5481.280762	-2731.560547	4965.264648	4045.057129	
21.432497	0.996009	-5468.906738	-2776.271484	4941.137695	4077.099121	
21.457075	1.037760	-5456.202637	-2820.815430	4916.747070	4108.922363	
21.481417	1.079421	-5443.170410	-2865.190430	4892.093750	4140.524902	
21.505526	1.120990	-5429.812988	-2909.394531	4867.178711	4171.905762	
21.529406	1.162467	-5416.132324	-2953.426270	4842.003906	4203.062988	
21.553057	1.203849	-5402.130371	-2997.283203	4816.571289	4233.995605	
21.576479	1.245136	-5387.809082	-3040.963867	4790.881836	4264.701660	
21.599676	1.286326	-5373.171387	-3084.466309	4764.937500	4295.179199	
21.622648	1.327418	-5358.218262	-3127.789062	4738.739258	4325.427246	
21.645399	1.368410	-5342.952637	-3170.929688	4712.289062	4355.443848	
21.667929	1.409303	-5327.377441	-3213.887207	4685.588867	4385.228027	
21.690241	1.450094	-5311.493652	-3256.659180	4658.639648	4414.777832	
21.712336	1.490782	-5295.304199	-3299.244629	4631.442383	4444.092285	
21.734213	1.531366	-5278.811035	-3341.641113	4603.999023	4473.169434	
21.755877	1.571845	-5262.016113	-3383.847656	4576.311523	4502.008301	
21.777327	1.612218	-5244.922363	-3425.862305	4548.380859	4530.606934	
21.798567	1.652484	-5227.530762	-3467.683594	4520.208984	4558.964355	
21.819597	1.692642	-5209.844238	-3509.310059	4491.796875	4587.078613	
21.840422	1.732690	-5191.864746	-3550.739746	4463.146484	4614.948730	
21.861040	1.772629	-5173.595215	-3591.971191	4434.258789	4642.572754	
21.881453	1.812456	-5155.036621	-3633.003418	4405.135742	4669.948730	
21.901663	1.852171	-5136.191895	-3673.834473	4375.779297	4697.075684	
21.921671	1.891773	-5117.062988	-3714.462891	4346.190430	4723.952637	
21.941481	1.931261	-5097.651855	-3754.887207	4316.371094	4750.577637	
21.961092	1.970634	-5077.960449	-3795.106445	4286.322266	4776.949707	
21.980505	2.009891	-5057.991699	-3835.118652	4256.045898	4803.066895	
21.999723	2.049031	-5037.747559	-3874.922852	4225.543945	4828.927246	
22.018751	2.088054	-5017.229980	-3914.517090	4194.817383	4854.529785	
22.037584	2.126958	-4996.440918	-3953.900391	4163.868164	4879.873535	
22.056227	2.165744	-4975.382324	-3993.071777	4132.697266	4904.956543	
22.074682	2.204409	-4954.056152	-4032.029297	4101.306641	4929.776855	
22.092951	2.242954	-4932.465332	-4070.771973	4069.697754	4954.333496	
22.111032	2.281377	-4910.611816	-4109.298828	4037.872070	4978.625488	
22.128931	2.319678	-4888.497559	-4147.608398	4005.831543	5002.650879	
22.146646	2.357856	-4866.124512	-4185.699219	3973.577148	5026.408691	
22.164183	2.395910	-4843.494629	-4223.570312	3941.110840	5049.896973	
22.181540	2.433840	-4820.610840	-4261.219727	3908.434570	5073.113770	
22.198717	2.471645	-4797.474121	-4298.647461	3875.549316	5096.059082	
22.215719	2.509325	-4774.087402	-4335.851562	3842.457031	5118.729980	
22.232546	2.546878	-4750.451660	-4372.831055	3809.159180	5141.125488	
22.249201	2.584305	-4726.569824	-4409.584961	3775.657715	5163.244629	
22.265684	2.621603	-4702.443848	-4446.112305	3741.953613	5185.085449	
22.281996	2.658774	-4678.076660	-4482.411133	3708.048828	5206.646973	
22.298140	2.695817	-4653.469238	-4518.481445	3673.945312	5227.927246	
22.314116	2.732729	-4628.623535	-4554.321289	3639.644043	5248.925293	
22.329924	2.769513	-4603.542480	-4589.930664	3605.146973	5269.639160	
22.345568	2.806166	-4578.227051	-4625.307617	3570.456055	5290.067871	
22.361048	2.842688	-4552.680176	-4660.451172	3535.572754	5310.210449	
22.376368	2.879079	-4526.903809	-4695.360352	3500.498535	5330.063965	
22.391527	2.915338	-4500.898926	-4730.034180	3465.235352	5349.628418	
22.406527	2.951465	-4474.668457	-4764.472656	3429.784668	5368.901855	
22.421370	2.987460	-4448.214355	-4798.673828	3394.147949	5387.882324	
22.436056	3.023321	-4421.538574	-4832.636719	3358.327148	5406.568848	
22.450590	3.059049	-4394.643066	-4866.360352	3322.323730	5424.959473	
22.464972	3.094643	-4367.530762	-4899.844727	3286.139648	5443.053223	
22.479200	3.130103	-4340.202637	-4933.087891	3249.776855	5460.849121	
22.493277	3.165428	-4312.660645	-4966.088867	3213.236816	5478.345215	
22.507204	3.200618	-4284.906738	-4998.847656	3176.520996	5495.539551	
22.520987	3.235672	-4256.943848	-5031.363281	3139.631348	5512.431152	
22.534620	3.270591	-4228.772949	-5063.633789	3102.569336	5529.019043	
22.548109	3.305374	-4200.395996	-5095.659180	3065.337402	5545.301270	
22.561457	3.340021	-4171.815918	-5127.438477	3027.936523	5561.275879	
22.574659	3.374531	-4143.033691	-5158.971680	2990.369141	5576.941895	
22.587725	3.408904	-4114.051270	-5190.256836	2952.636230	5592.298340	
22.600649	3.443140	-4084.871338	-5221.293945	2914.740234	5607.343262	
22.613436	3.477238	-4055.495361	-5252.082031	2876.682617	5622.075684	
22.626085	3.511199	-4025.925537	-5282.620117	2838.465332	5636.493652	
22.638597	3.545021	-3996.163818	-5312.907227	2800.090332	5650.595215	
22.650976	3.578706	-3966.211670	-5342.942383	2761.559082	5664.379395	
22.663221	3.612252	-3936.071533	-5372.725586	2722.873535	5677.845215	
22.675337	3.645659	-3905.745361	-5402.255859	2684.035645	5690.990723	
22.687319	3.678928	-3875.234619	-5431.532227	2645.047363	5703.814941	
22.699175	3.712058	-3844.541748	-5460.554688	2605.910645	5716.315918	
22.710901	3.745049	-3813.668213	-5489.322266	2566.626953	5728.491699	
22.722502	3.777901	-3782.615967	-5517.833984	2527.198242	5740.341309	
22.733976	3.810613	-3751.386963	-5546.088867	2487.626465	5751.863770	
22.745325	3.843185	-3719.983154	-5574.086914	2447.913574	5763.057129	
22.756552	3.875618	-3688.406494	-5601.827148	2408.061523	5773.920410	
22.767656	3.907912	-3656.658936	-5629.309570	2368.072266	5784.451660	
22.778639	3.940065	-3624.742432	-5656.533203	2327.947754	5794.648926	
22.789503	3.972079	-3592.658447	-5683.497070	2287.689941	5804.511230	
22.800249	4.003952	-3560.409424	-5710.201172	2247.300781	5814.037598	
22.810877	4.035686	-3527.996826	-5736.643555	2206.782227	5823.226074	
22.821390	4.067279	-3495.422607	-5762.825195	2166.136230	5832.074707	
22.831785	4.098732	-3462.688232	-5788.745117	2125.364746	5840.582520	
22.842070	4.130045	-3429.796143	-5814.402344	2084.470215	5848.748535	
22.852240	4.161218	-3396.747803	-5839.796875	2043.454224	5856.570801	
22.862299	4.192250	-3363.545166	-5864.927734	2002.319214	5864.047363	
22.872248	4.223143	-3330.190186	-5889.793945	1961.067017	5871.177246	
22.882086	4.253895	-3296.684814	-5914.395508	1919.699585	5877.958496	
22.891817	4.284506	-3263.030518	-5938.732422	1878.219360	5884.390137	
22.901442	4.314977	-3229.229736	-5962.803711	1836.628296	5890.471191	
22.910959	4.345307	-3195.283447	-5986.608398	1794.928345	5896.198730	
22.920370	4.375498	-3161.194092	-6010.146484	1753.121948	5901.572754	
22.929678	4.405548	-3126.963135	-6033.416992	1711.211060	5906.590332	
22.938883	4.435458	-3092.592529	-6056.419922	1669.198120	5911.251465	
22.947985	4.465229	-3058.084229	-6079.155273	1627.085083	5915.553223	
22.956984	4.494860	-3023.440186	-6101.622070	1584.874390	5919.494629	
22.965883	4.524350	-2988.661865	-6123.819336	1542.568115	5923.074707	
22.974684	4.553701	-2953.750732	-6145.747070	1500.168457	5926.291504	
22.983389	4.582912	-2918.709229	-6167.405273	1457.677979	5929.143066	
22.991995	4.611984	-2883.538818	-6188.792969	1415.098633	5931.628418	
23.000505	4.640917	-2848.241455	-6209.909180	1372.433105	5933.746582	
23.008921	4.669710	-2812.818604	-6230.754883	1329.683350	5935.495605	
23.017241	4.698364	-2777.272217	-6251.329102	1286.852051	5936.873535	
23.025469	4.726879	-2741.604248	-6271.630859	1243.941406	5937.879395	
23.033602	4.755255	-2705.816162	-6291.660156	1200.953857	5938.511230	
23.041643	4.783492	-2669.909912	-6311.416992	1157.891602	5938.768066	
23.049597	4.811590	-2633.886963	-6330.900391	1114.757324	5938.647949	
23.057459	4.839550	-2597.749268	-6350.110352	1071.553467	5938.148926	
23.065233	4.867372	-2561.498779	-6369.045898	1028.282471	5937.270020	
23.072920	4.895055	-2525.136963	-6387.708008	984.946899	5936.010254	
23.080519	4.922601	-2488.665771	-6406.094727	941.549194	5934.367676	
23.088030	4.950008	-2452.086670	-6424.207031	898.091919	5932.340332	
23.095457	4.977279	-2415.401611	-6442.043945	854.577759	5929.927246	
23.102797	5.004412	-2378.612549	-6459.605469	811.009155	5927.126465	
23.110052	5.031407	-2341.720947	-6476.890625	767.388794	5923.937012	
23.117224	5.058267	-2304.728271	-6493.899414	723.719360	5920.356934	
23.124315	5.084990	-2267.636963	-6510.631836	680.003540	5916.385254	
23.131323	5.111576	-2230.447998	-6527.086914	636.243896	5912.020020	
23.138250	5.138026	-2193.163330	-6543.264648	592.443237	5907.260254	
23.145098	5.164340	-2155.784912	-6559.165039	548.604370	5902.104004	
23.151865	5.190518	-2118.314209	-6574.788086	504.730011	5896.549316	
23.158556	5.216561	-2080.753174	-6590.132812	460.823029	5890.595215	
23.165167	5.242469	-2043.103271	-6605.199219	416.886200	5884.240723	
23.171701	5.268242	-2005.366211	-6619.987305	372.922394	5877.483887	
23.178160	5.293880	-1967.543945	-6634.496094	328.934540	5870.322754	
23.184542	5.319385	-1929.637939	-6648.725586	284.925537	5862.756348	
23.190847	5.344754	-1891.649902	-6662.675781	240.898331	5854.782715	
23.197077	5.369990	-1853.581543	-6676.346680	196.855911	5846.400879	
23.203234	5.395093	-1815.434570	-6689.737305	152.801315	5837.608887	
23.209318	5.420063	-1777.210693	-6702.848633	108.737564	5828.405762	
23.215326	5.444900	-1738.911621	-6715.679688	64.667740	5818.789551	
23.221262	5.469604	-1700.539062	-6728.229492	20.594940	5808.759277	
23.227129	5.494176	-1662.094482	-6740.499023	-23.477684	5798.312988	
23.232924	5.518616	-1623.579834	-6752.487305	-67.546959	5787.449707	
23.238646	5.542924	-1584.996582	-6764.194336	-111.609673	5776.167480	
23.244299	5.567101	-1546.346680	-6775.620117	-155.662567	5764.465332	
23.249884	5.591147	-1507.631592	-6786.764648	-199.702393	5752.341309	
23.255396	5.615063	-1468.853027	-6797.626953	-243.725800	5739.794434	
23.260839	5.638848	-1430.012451	-6808.208008	-287.729462	5726.822754	
23.266214	5.662503	-1391.111816	-6818.506836	-331.709991	5713.425293	
23.271524	5.686028	-1352.152588	-6828.523438	-375.663971	5699.601074	
23.276766	5.709425	-1313.136475	-6838.256836	-419.587921	5685.348145	
23.281939	5.732692	-1274.065186	-6847.708008	-463.478302	5670.664551	
23.287046	5.755831	-1234.940430	-6856.876953	-507.331635	5655.549316	
23.292086	5.778841	-1195.763916	-6865.762695	-551.144287	5640.001465	
23.297060	5.801723	-1156.537109	-6874.365234	-594.912720	5624.019043	
23.301970	5.824478	-1117.261719	-6882.684570	-638.633179	5607.601074	
23.306814	5.847106	-1077.939453	-6890.720703	-682.302002	5590.745605	
23.311594	5.869607	-1038.572021	-6898.473633	-725.915527	5573.451660	
23.316309	5.891981	-999.160889	-6905.942383	-769.469849	5555.718262	
23.320959	5.914229	-959.707764	-6913.127930	-812.961182	5537.543457	
23.325544	5.936352	-920.214355	-6920.029297	-856.385620	5518.926270	
23.330065	5.958348	-880.682251	-6926.646484	-899.739258	5499.865723	
23.334520	5.980220	-841.113159	-6932.979492	-943.018188	5480.360840	
23.338915	6.001966	-801.508667	-6939.028320	-986.218384	5460.409668	
23.343245	6.023588	-761.870361	-6944.792969	-1029.335693	5440.010254	
23.347513	6.045086	-722.199951	-6950.273438	-1072.366211	5419.162598	
23.351717	6.066461	-682.499023	-6955.469727	-1115.305664	5397.864746	
23.355860	6.087711	-642.769287	-6960.381836	-1158.149902	5376.115723	
23.359938	6.108839	-603.012329	-6965.008789	-1200.894531	5353.914551	
23.363955	6.129845	-563.229858	-6969.351562	-1243.535400	5331.260254	
23.367907	6.150727	-523.423462	-6973.409180	-1286.068115	5308.150879	
23.371798	6.171488	-483.594727	-6977.181641	-1328.488281	5284.585449	
23.375628	6.192127	-443.745300	-6980.669922	-1370.791260	5260.562988	
23.379393	6.212645	-403.876831	-6983.873047	-1412.972900	5236.082520	
23.383097	6.233042	-363.990967	-6986.791016	-1455.028320	5211.143066	
23.386740	6.253318	-324.089294	-6989.423828	-1496.953125	5185.743652	
23.390318	6.273474	-284.173462	-6991.771484	-1538.742676	5159.883301	
23.393835	6.293509	-244.245117	-6993.834961	-1580.392090	5133.561035	
23.397287	6.313425	-204.305878	-6995.613281	-1621.896729	5106.775879	
23.400679	6.333221	-164.357361	-6997.106445	-1663.251709	5079.525879	
23.404005	6.352899	-124.401215	-6998.314453	-1704.452148	5051.811035	
23.407270	6.372458	-84.439056	-6999.237305	-1745.493164	5023.630371	
23.410471	6.391897	-44.472504	-6999.875000	-1786.369629	4994.983887	
23.413610	6.411219	-4.503197	-7000.227539	-1827.076660	4965.869629	
23.416685	6.430423	35.467243	-7000.293945	-1867.608887	4936.287598	
23.419695	6.449509	75.437187	-7000.075195	-1907.961182	4906.235840	
23.422644	6.468477	115.405006	-6999.571289	-1948.128418	4875.714355	
23.425528	6.487329	155.369080	-6998.782227	-1988.105225	4844.723145	
23.428347	6.506063	195.327759	-6997.708008	-2027.886230	4813.261230	
23.431101	6.524680	235.279449	-6996.348633	-2067.466064	4781.327637	
23.433790	6.543181	275.222504	-6994.704102	-2106.839111	4748.921387	
23.436415	6.561566	315.155304	-6992.774414	-2145.999756	4716.042480	
23.438971	6.579835	355.076202	-6990.560547	-2184.942627	4682.690918	
23.441462	6.597988	394.983612	-6988.061523	-2223.661865	4648.865723	
23.443884	6.616025	434.875885	-6985.277344	-2262.152100	4614.566895	
23.446241	6.633946	474.751373	-6982.208008	-2300.406982	4579.793457	
23.448530	6.651752	514.608459	-6978.853516	-2338.420654	4544.546387	
23.450750	6.669443	554.445496	-6975.214844	-2376.187744	4508.824707	
23.452902	6.687018	594.260925	-6971.291016	-2413.701416	4472.627441	
23.454985	6.704479	634.053040	-6967.083008	-2450.956299	4435.955566	
23.456999	6.721825	673.820251	-6962.589844	-2487.945557	4398.809082	
23.458941	6.739055	713.560852	-6957.812500	-2524.663330	4361.187988	
23.460814	6.756170	753.273254	-6952.750977	-2561.103271	4323.091309	
23.462614	6.773171	792.955872	-6947.404297	-2597.259033	4284.520020	
23.464342	6.790057	832.606995	-6941.773438	-2633.124268	4245.474121	
23.465998	6.806828	872.225037	-6935.858398	-2668.692627	4205.954590	
23.467577	6.823484	911.808289	-6929.659180	-2703.957275	4165.961426	
23.469084	6.840026	951.355164	-6923.175781	-2738.911377	4125.494629	
23.470514	6.856452	990.864075	-6916.409180	-2773.548096	4084.555176	
23.471869	6.872763	1030.333252	-6909.358398	-2807.861084	4043.143555	
23.473146	6.888959	1069.761230	-6902.024414	-2841.843506	4001.260254	
23.474348	6.905040	1109.146240	-6894.406250	-2875.488037	3958.905762	
23.475470	6.921004	1148.486572	-6886.504883	-2908.787842	3916.081543	
23.476511	6.936853	1187.780762	-6878.320312	-2941.735596	3872.788086	
23.477472	6.952587	1227.027100	-6869.852539	-2974.324463	3829.026367	
23.478354	6.968204	1266.223877	-6861.101562	-3006.547119	3784.797852	
23.479151	6.983706	1305.369385	-6852.068359	-3038.396240	3740.103516	
23.479868	6.999089	1344.462158	-6842.751953	-3069.864502	3694.944824	
23.480501	7.014356	1383.500488	-6833.153320	-3100.944580	3649.323242	
23.481047	7.029505	1422.482666	-6823.272461	-3131.628662	3603.239746	
23.481508	7.044536	1461.406982	-6813.109375	-3161.909424	3556.696777	
23.481882	7.059448	1500.271729	-6802.664062	-3191.779053	3509.695312	
23.482168	7.074243	1539.075439	-6791.937500	-3221.229736	3462.237793	
23.482363	7.088917	1577.816406	-6780.928711	-3250.253662	3414.325684	
23.482466	7.103472	1616.492920	-6769.638672	-3278.843018	3365.961426	
